[0.00000000e+00 0.00000000e+00 0.00000000e+00]
 [9.14607905e-01 3.92861771e-02 3.24670405e-15]
 [1.66191428e+00 7.96848806e-01 1.13126618e-02]
 [2.27024815e+00 1.56300101e+00 6.76137973e-01]
 [2.21805190e+00 2.19124971e+00 1.46275808e+00]
 [1.81944743e+00 2.70304090e+00 2.10947487e+00]
 [1.48706143e+00 3.11120143e+00 2.63815099e+00]
 [1.21512156e+00 3.38850404e+00 3.07016208e+00]
 [9.92872691e-01 3.39268579e+00 3.42315687e+00]
 [8.11264626e-01 3.02811744e+00 3.71157020e+00]
 [6.62871962e-01 2.53160858e+00 3.94714517e+00]
 [5.41621525e-01 2.07849510e+00 4.13913055e+00]
 [4.42549418e-01 1.69993121e+00 4.29295476e+00]
 [3.61599211e-01 1.38924345e+00 4.40044995e+00]
 [2.95456355e-01 1.13516410e+00 4.39315181e+00]
 [2.41413000e-01 9.27525108e-01 4.08968782e+00]
 [1.97259427e-01 7.57861891e-01 3.50442449e+00]
 [1.61207443e-01 6.19232782e-01 2.89564020e+00]
 [1.31902805e-01 5.05961774e-01 2.37140209e+00]
 [1.08896193e-01 4.13410453e-01 1.93850963e+00]
 [9.58195315e-02 3.37788761e-01 1.58405871e+00]
 [1.18511642e-01 2.75999909e-01 1.29432362e+00]
 [2.91966912e-01 2.25515137e-01 1.05756770e+00]
 [7.88162367e-01 1.98359462e-01 8.64116394e-01]
 [1.46249806e+00 7.68285167e-01 7.14319835e-01]
 [1.80322045e+00 1.53386556e+00 1.22085381e+00]
 [1.50081284e+00 2.15660714e+00 1.90712519e+00]
 [1.22721903e+00 2.61378234e+00 2.47249472e+00]
 [1.00285978e+00 2.77625847e+00 2.93472007e+00]
 [8.19447994e-01 2.54048775e+00 3.31237240e+00]
 [6.69565961e-01 2.13814922e+00 3.62058115e+00]
 [5.47094176e-01 1.75793774e+00 3.87017691e+00]
 [4.47022575e-01 1.43816543e+00 4.06068954e+00]
 [3.65255194e-01 1.17538552e+00 4.14329622e+00]
 [2.98445116e-01 9.60429491e-01 3.95088659e+00]
 [2.43860622e-01 7.84753899e-01 3.43518758e+00]
 [1.99289338e-01 6.41206725e-01 2.85025368e+00]
 [1.63045460e-01 5.23916382e-01 2.33630164e+00]
 [1.34501374e-01 4.28080804e-01 1.91015663e+00]
 [1.17699088e-01 3.49775595e-01 1.56094526e+00]
 [1.41727311e-01 2.85794098e-01 1.27544675e+00]
 [3.31046630e-01 2.33521310e-01 1.04214522e+00]
 [8.46963008e-01 2.17836933e-01 8.51515314e-01]
 [1.52029983e+00 8.50160300e-01 7.17102618e-01]
 [1.76762591e+00 1.60221288e+00 1.29758587e+00]
 [1.46187707e+00 2.20958791e+00 1.97123020e+00]
 [1.19519460e+00 2.64193076e+00 2.52493454e+00]
 [9.76674376e-01 2.75424048e+00 2.97756974e+00]
 [7.98048928e-01 2.48138445e+00 3.34736059e+00]
 [6.52080235e-01 2.07753318e+00 3.64903077e+00]
 [5.32806592e-01 1.70612679e+00 3.89259175e+00]
 [4.35348344e-01 1.39545271e+00 4.07412153e+00]
 [3.55716415e-01 1.14042410e+00 4.13054527e+00]
 [2.90651482e-01 9.31853237e-01 3.88398133e+00]
 [2.37494466e-01 7.61403230e-01 3.34181006e+00]
 [1.94098846e-01 6.22127133e-01 2.76409033e+00]
 [1.58872659e-01 5.08326816e-01 2.26414678e+00]
 [1.31510214e-01 4.15342900e-01 1.85091162e+00]
 [1.17778521e-01 3.39367727e-01 1.51249044e+00]
 [1.55558698e-01 2.77290058e-01 1.23584773e+00]
 [3.89918639e-01 2.26589829e-01 1.00978848e+00]
 [9.49842104e-01 2.54762795e-01 8.25077421e-01]
 [1.62020149e+00 9.76910412e-01 7.43469157e-01]
 [1.72193205e+00 1.70713499e+00 1.41144992e+00]
 [1.41632787e+00 2.29087760e+00 2.06564411e+00]
 [1.15775713e+00 2.68590841e+00 2.60215139e+00]
 [9.46062708e-01 2.73216234e+00 3.04066636e+00]
 [7.73032332e-01 2.41938091e+00 3.39888539e+00]
 [6.31638386e-01 2.01504615e+00 3.69094013e+00]
 [5.16103490e-01 1.65294108e+00 3.92567934e+00]
 [4.21700384e-01 1.35164408e+00 4.09443628e+00]
 [3.44564928e-01 1.10457176e+00 4.11653870e+00]
 [2.81540219e-01 9.02549763e-01 3.81116586e+00]
 [2.30052313e-01 7.37458484e-01 3.24751894e+00]
 [1.88033028e-01 6.02562152e-01 2.67894973e+00]
 [1.54008440e-01 4.92340653e-01 2.19317195e+00]
 [1.28099700e-01 4.02280944e-01 1.79268838e+00]
 [1.18370859e-01 3.28695084e-01 1.46487987e+00]
 [1.73806533e-01 2.68569686e-01 1.19694006e+00]
 [4.58601929e-01 2.19538652e-01 9.77996871e-01]
 [1.05639045e+00 3.26427673e-01 7.99103533e-01]
 [1.71199663e+00 1.10200548e+00 8.12035289e-01]
 [1.67262255e+00 1.80947892e+00 1.52346266e+00]
 [1.37191427e+00 2.36860870e+00 2.15796301e+00]
 [1.12132251e+00 2.72153216e+00 2.67763440e+00]
 [9.16275890e-01 2.70038056e+00 3.10234225e+00]
 [7.48690526e-01 2.35559145e+00 3.44923859e+00]
 [6.11748086e-01 1.95374083e+00 3.73182883e+00]
 [4.99851108e-01 1.60123679e+00 3.95755174e+00]
 [4.08420724e-01 1.30913229e+00 4.11169688e+00]
 [3.33714406e-01 1.06979312e+00 4.09380844e+00]
 [2.72675010e-01 8.74125879e-01 3.73147407e+00]
 [2.22812020e-01 7.14232804e-01 3.15358603e+00]
 [1.82137140e-01 5.83584766e-01 2.59599345e+00]
 [1.49313760e-01 4.76834610e-01 2.12432885e+00]
 [1.25014794e-01 3.89611286e-01 1.73626442e+00]
 [1.20309912e-01 3.18342979e-01 1.41874883e+00]
 [1.97748590e-01 2.60111246e-01 1.15924280e+00]
 [5.36324519e-01 2.12936472e-01 9.47194507e-01]
 [1.16431812e+00 4.28962033e-01 7.73964515e-01]]
