0.          0.        ]
 [ 0.55415694  0.26091974]
 [ 1.01618691  0.89315026]
 [ 1.40140574  1.72655316]
 [ 1.72258306  2.64761569]
 [ 1.99036559  3.58262801]
 [ 2.21363006  4.48559406]
 [ 2.39977746  5.32958262]
 [ 2.5549784   6.10057294]
 [ 2.68437764  6.79310375]
 [ 2.79226463  7.40722194]
 [ 2.88221572  7.94636428]
 [ 2.95721271  8.41590562]
 [ 3.01974166  8.82218066]
 [ 3.07187536  9.17183985]
 [ 3.11534199  9.47143904]
 [ 3.15158241  9.72719093]
 [ 3.18179797  9.94482687]
 [ 3.20699028 10.12953273]
 [ 3.22799445 10.28593308]
 [ 3.24550673 10.41810587]
 [ 3.26010765 10.52961522]
 [ 3.27228121 10.62355393]
 [ 3.28243094 10.70259015]
 [ 3.29089332 10.76901457]
 [ 3.29794884 10.8247859 ]
 [ 3.30383141 10.87157328]
 [ 3.30873601 10.91079501]
 [ 3.31282524 10.94365329]
 [ 3.31623465 10.97116496]
 [ 3.31907726 10.99418857]
 [ 3.32144729 11.01344784]
 [ 3.32342331 11.02955205]
 [ 3.32507081 11.04301344]
 [ 3.32644444 11.05426252]
 [ 3.32758971 11.06366027]
 [ 3.32854457 11.07150957]
 [ 3.32934068 11.0780642 ]
 [ 3.33000445 11.08353673]
 [ 3.33055787 11.08810507]
 [ 3.33101928 11.09191807]
 [ 3.33140399 11.09510022]
 [ 3.33172474 11.09775561]
 [ 3.33199216 11.09997122]
 [ 3.33221513 11.10181971]
 [ 3.33240103 11.10336181]
 [ 3.33255602 11.10464822]
 [ 3.33268525 11.10572125]
 [ 3.33279299 11.10661627]
 [ 3.33288282 11.10736276]
 [ 3.33295771 11.10798534]
 [ 3.33302016 11.10850456]
 [ 3.33307222 11.10893758]
 [ 3.33311563 11.10929869]
 [ 3.33315182 11.10959984]
 [ 3.333182   11.10985095]
 [ 3.33320716 11.11006036]
 [ 3.33322813 11.11023498]
 [ 3.33324562 11.11038058]
 [ 3.33326021 11.110502  ]
 [ 3.33327236 11.11060324]
 [ 3.3332825  11.11068766]
 [ 3.33329095 11.11075802]
 [ 3.33329799 11.11081668]
 [ 3.33330387 11.11086562]
 [ 3.33330877 11.11090644]
 [ 3.33331285 11.11094047]
 [ 3.33331626 11.11096884]
 [ 3.3333191  11.11099248]
 [ 3.33332146 11.1110122 ]
 [ 3.33332344 11.11102865]
 [ 3.33332508 11.11104236]
 [ 3.33332645 11.11105379]
 [ 3.3333276  11.11106332]
 [ 3.33332855 11.11107127]
 [ 3.33332935 11.11107789]
 [ 3.33333001 11.11108341]
 [ 3.33333056 11.11108802]
 [ 3.33333102 11.11109186]
 [ 3.33333141 11.11109506]
 [ 3.33333173 11.11109772]
 [ 3.33333199 11.11109994]
 [ 3.33333222 11.11110179]
 [ 3.3333324  11.11110333]
 [ 3.33333255 11.11110462]
 [ 3.33333268 11.11110571]
 [ 3.33333279 11.11110661]
 [ 3.33333289 11.11110743]
 [ 3.33333296 11.11110801]
 [ 3.33333302 11.11110852]
 [ 3.33333307 11.11110895]
 [ 3.33333312 11.11110932]
 [ 3.33333316 11.11110963]
 [ 3.33333319 11.11110988]
 [ 3.33333321 11.11111008]
 [ 3.33333323 11.11111026]
 [ 3.33333325 11.11111039]
 [ 3.33333326 11.11111051]
 [ 3.33333327 11.1111106 ]
 [ 3.33333328 11.11111068]]
